spawns: 
  default: 
    world: bedwars_world
    x: -93.52202479508185
    y: 149.0
    z: -104.93951971543655
    yaw: 179.85437
    pitch: 0.14976385
